       0/9     20.4G   0.07407   0.02284   0.01372    0.1106        40       640    0.2967    0.3515    0.2401   0.06832   0.09281   0.03476   0.01473
       1/9     20.4G   0.05699   0.02173  0.006885    0.0856        22       640    0.5576    0.4571    0.4662    0.1607   0.08413   0.02889   0.01148
       2/9     20.4G   0.05297   0.01829  0.004067   0.07533        26       640    0.4407    0.4182    0.3703   0.09819   0.08482   0.02844   0.01024
       3/9     20.4G   0.04988   0.01843  0.003262   0.07157        16       640    0.5608    0.5534    0.5502     0.206   0.07607   0.02967   0.00948
       4/9     20.4G    0.0465   0.01845  0.002929   0.06789        20       640    0.5378    0.5946    0.5346    0.2035   0.07312   0.03016  0.009024
       5/9     20.4G   0.04376   0.01837  0.002639   0.06477        26       640    0.6651    0.6304    0.6364    0.2655   0.06728   0.03097  0.008693
       6/9     20.4G    0.0413   0.01833  0.002351   0.06197        37       640    0.7567    0.6377     0.693    0.3463   0.06484   0.03097  0.008565
       7/9     20.4G   0.03912   0.01836  0.002107   0.05959        35       640    0.7248     0.682    0.7023    0.3607   0.06365   0.03066  0.008378
       8/9     20.4G   0.03817   0.01866   0.00205   0.05887        22       640    0.7693      0.67    0.7225    0.4054   0.06103   0.03029  0.008213
       9/9     20.4G   0.03689   0.01871  0.001974   0.05757        26       640    0.7583     0.675    0.7202    0.3935   0.06068   0.03026  0.008233
